508
rectangle 128 0 0 64 64 64
rectangle 192 0 0 64 64 64
rectangle 256 0 0 64 64 64
rectangle 320 0 0 64 64 64
rectangle 384 0 0 64 64 64
rectangle 448 0 0 64 64 64
rectangle 512 0 0 64 64 64
rectangle 576 0 0 64 64 64
rectangle 640 0 0 64 64 64
rectangle 704 0 0 64 64 64
rectangle 768 0 0 64 64 64
rectangle 832 0 0 64 64 64
rectangle 896 0 0 64 64 64
rectangle 960 0 0 64 64 64
rectangle 1024 0 0 64 64 64
rectangle 1088 0 0 64 64 64
rectangle 1152 0 0 64 64 64
rectangle 1216 0 0 64 64 64
rectangle 1280 0 0 64 64 64
rectangle 1344 0 0 64 64 64
rectangle 1408 0 0 64 64 64
rectangle 1472 0 0 64 64 64
rectangle 1536 0 0 64 64 64
rectangle 1600 0 0 64 64 64
rectangle 1664 0 0 64 64 64
rectangle 1728 0 0 64 64 64
rectangle 1792 0 0 64 64 64
rectangle 1856 0 0 64 64 64
rectangle 1920 0 0 64 64 64
rectangle 0 64 0 64 64 64
rectangle 640 64 0 64 64 64
rectangle 768 64 0 64 64 64
rectangle 1024 64 0 64 64 64
rectangle 1536 64 0 64 64 64
rectangle 1792 64 0 64 64 64
rectangle 1920 64 0 64 64 64
rectangle 0 128 0 64 64 64
rectangle 128 128 0 64 64 64
rectangle 192 128 0 64 64 64
rectangle 256 128 0 64 64 64
rectangle 320 128 0 64 64 64
rectangle 384 128 0 64 64 64
rectangle 448 128 0 64 64 64
rectangle 512 128 0 64 64 64
rectangle 640 128 0 64 64 64
rectangle 768 128 0 64 64 64
rectangle 896 128 0 64 64 64
rectangle 1024 128 0 64 64 64
rectangle 1152 128 0 64 64 64
rectangle 1216 128 0 64 64 64
rectangle 1280 128 0 64 64 64
rectangle 1408 128 0 64 64 64
rectangle 1472 128 0 64 64 64
rectangle 1536 128 0 64 64 64
rectangle 1664 128 0 64 64 64
rectangle 1792 128 0 64 64 64
rectangle 1920 128 0 64 64 64
rectangle 0 192 0 64 64 64
rectangle 384 192 0 64 64 64
rectangle 640 192 0 64 64 64
rectangle 768 192 0 64 64 64
rectangle 896 192 0 64 64 64
rectangle 1280 192 0 64 64 64
rectangle 1408 192 0 64 64 64
rectangle 1536 192 0 64 64 64
rectangle 1664 192 0 64 64 64
rectangle 1792 192 0 64 64 64
rectangle 1920 192 0 64 64 64
rectangle 0 256 0 64 64 64
rectangle 64 256 0 64 64 64
rectangle 128 256 0 64 64 64
rectangle 256 256 0 64 64 64
rectangle 320 256 0 64 64 64
rectangle 384 256 0 64 64 64
rectangle 512 256 0 64 64 64
rectangle 576 256 0 64 64 64
rectangle 640 256 0 64 64 64
rectangle 768 256 0 64 64 64
rectangle 832 256 0 64 64 64
rectangle 896 256 0 64 64 64
rectangle 960 256 0 64 64 64
rectangle 1024 256 0 64 64 64
rectangle 1152 256 0 64 64 64
rectangle 1216 256 0 64 64 64
rectangle 1280 256 0 64 64 64
rectangle 1408 256 0 64 64 64
rectangle 1536 256 0 64 64 64
rectangle 1664 256 0 64 64 64
rectangle 1792 256 0 64 64 64
rectangle 1920 256 0 64 64 64
rectangle 0 320 0 64 64 64
rectangle 256 320 0 64 64 64
rectangle 640 320 0 64 64 64
rectangle 1024 320 0 64 64 64
rectangle 1280 320 0 64 64 64
rectangle 1536 320 0 64 64 64
rectangle 1664 320 0 64 64 64
rectangle 1792 320 0 64 64 64
rectangle 1920 320 0 64 64 64
rectangle 0 384 0 64 64 64
rectangle 64 384 0 64 64 64
rectangle 128 384 0 64 64 64
rectangle 192 384 0 64 64 64
rectangle 256 384 0 64 64 64
rectangle 320 384 0 64 64 64
rectangle 384 384 0 64 64 64
rectangle 512 384 0 64 64 64
rectangle 576 384 0 64 64 64
rectangle 640 384 0 64 64 64
rectangle 768 384 0 64 64 64
rectangle 832 384 0 64 64 64
rectangle 896 384 0 64 64 64
rectangle 960 384 0 64 64 64
rectangle 1024 384 0 64 64 64
rectangle 1088 384 0 64 64 64
rectangle 1152 384 0 64 64 64
rectangle 1280 384 0 64 64 64
rectangle 1408 384 0 64 64 64
rectangle 1472 384 0 64 64 64
rectangle 1536 384 0 64 64 64
rectangle 1600 384 0 64 64 64
rectangle 1664 384 0 64 64 64
rectangle 1792 384 0 64 64 64
rectangle 1920 384 0 64 64 64
rectangle 0 448 0 64 64 64
rectangle 512 448 0 64 64 64
rectangle 1280 448 0 64 64 64
rectangle 1408 448 0 64 64 64
rectangle 1920 448 0 64 64 64
rectangle 0 512 0 64 64 64
rectangle 128 512 0 64 64 64
rectangle 256 512 0 64 64 64
rectangle 320 512 0 64 64 64
rectangle 384 512 0 64 64 64
rectangle 448 512 0 64 64 64
rectangle 512 512 0 64 64 64
rectangle 576 512 0 64 64 64
rectangle 640 512 0 64 64 64
rectangle 704 512 0 64 64 64
rectangle 768 512 0 64 64 64
rectangle 896 512 0 64 64 64
rectangle 960 512 0 64 64 64
rectangle 1024 512 0 64 64 64
rectangle 1088 512 0 64 64 64
rectangle 1152 512 0 64 64 64
rectangle 1216 512 0 64 64 64
rectangle 1280 512 0 64 64 64
rectangle 1344 512 0 64 64 64
rectangle 1408 512 0 64 64 64
rectangle 1536 512 0 64 64 64
rectangle 1664 512 0 64 64 64
rectangle 1728 512 0 64 64 64
rectangle 1792 512 0 64 64 64
rectangle 1856 512 0 64 64 64
rectangle 1920 512 0 64 64 64
rectangle 0 576 0 64 64 64
rectangle 128 576 0 64 64 64
rectangle 256 576 0 64 64 64
rectangle 384 576 0 64 64 64
rectangle 768 576 0 64 64 64
rectangle 896 576 0 64 64 64
rectangle 1536 576 0 64 64 64
rectangle 1664 576 0 64 64 64
rectangle 1920 576 0 64 64 64
rectangle 0 640 0 64 64 64
rectangle 64 640 0 64 64 64
rectangle 128 640 0 64 64 64
rectangle 256 640 0 64 64 64
rectangle 384 640 0 64 64 64
rectangle 512 640 0 64 64 64
rectangle 576 640 0 64 64 64
rectangle 640 640 0 64 64 64
rectangle 704 640 0 64 64 64
rectangle 768 640 0 64 64 64
rectangle 896 640 0 64 64 64
rectangle 960 640 0 64 64 64
rectangle 1024 640 0 64 64 64
rectangle 1088 640 0 64 64 64
rectangle 1152 640 0 64 64 64
rectangle 1216 640 0 64 64 64
rectangle 1280 640 0 64 64 64
rectangle 1408 640 0 64 64 64
rectangle 1472 640 0 64 64 64
rectangle 1536 640 0 64 64 64
rectangle 1600 640 0 64 64 64
rectangle 1664 640 0 64 64 64
rectangle 1792 640 0 64 64 64
rectangle 1856 640 0 64 64 64
rectangle 1920 640 0 64 64 64
rectangle 0 704 0 64 64 64
rectangle 384 704 0 64 64 64
rectangle 512 704 0 64 64 64
rectangle 1152 704 0 64 64 64
rectangle 1408 704 0 64 64 64
rectangle 1792 704 0 64 64 64
rectangle 1920 704 0 64 64 64
rectangle 0 768 0 64 64 64
rectangle 128 768 0 64 64 64
rectangle 256 768 0 64 64 64
rectangle 384 768 0 64 64 64
rectangle 512 768 0 64 64 64
rectangle 576 768 0 64 64 64
rectangle 640 768 0 64 64 64
rectangle 768 768 0 64 64 64
rectangle 832 768 0 64 64 64
rectangle 896 768 0 64 64 64
rectangle 1024 768 0 64 64 64
rectangle 1088 768 0 64 64 64
rectangle 1152 768 0 64 64 64
rectangle 1216 768 0 64 64 64
rectangle 1280 768 0 64 64 64
rectangle 1408 768 0 64 64 64
rectangle 1472 768 0 64 64 64
rectangle 1536 768 0 64 64 64
rectangle 1664 768 0 64 64 64
rectangle 1728 768 0 64 64 64
rectangle 1792 768 0 64 64 64
rectangle 1920 768 0 64 64 64
rectangle 0 832 0 64 64 64
rectangle 128 832 0 64 64 64
rectangle 256 832 0 64 64 64
rectangle 384 832 0 64 64 64
rectangle 896 832 0 64 64 64
rectangle 1408 832 0 64 64 64
rectangle 1664 832 0 64 64 64
rectangle 1920 832 0 64 64 64
rectangle 0 896 0 64 64 64
rectangle 64 896 0 64 64 64
rectangle 128 896 0 64 64 64
rectangle 256 896 0 64 64 64
rectangle 384 896 0 64 64 64
rectangle 448 896 0 64 64 64
rectangle 512 896 0 64 64 64
rectangle 640 896 0 64 64 64
rectangle 704 896 0 64 64 64
rectangle 768 896 0 64 64 64
rectangle 896 896 0 64 64 64
rectangle 1024 896 0 64 64 64
rectangle 1088 896 0 64 64 64
rectangle 1152 896 0 64 64 64
rectangle 1216 896 0 64 64 64
rectangle 1280 896 0 64 64 64
rectangle 1344 896 0 64 64 64
rectangle 1408 896 0 64 64 64
rectangle 1472 896 0 64 64 64
rectangle 1536 896 0 64 64 64
rectangle 1664 896 0 64 64 64
rectangle 1792 896 0 64 64 64
rectangle 1920 896 0 64 64 64
rectangle 0 960 0 64 64 64
rectangle 256 960 0 64 64 64
rectangle 512 960 0 64 64 64
rectangle 640 960 0 64 64 64
rectangle 896 960 0 64 64 64
rectangle 1280 960 0 64 64 64
rectangle 1792 960 0 64 64 64
rectangle 1920 960 0 64 64 64
rectangle 0 1024 0 64 64 64
rectangle 128 1024 0 64 64 64
rectangle 256 1024 0 64 64 64
rectangle 384 1024 0 64 64 64
rectangle 448 1024 0 64 64 64
rectangle 512 1024 0 64 64 64
rectangle 576 1024 0 64 64 64
rectangle 640 1024 0 64 64 64
rectangle 768 1024 0 64 64 64
rectangle 832 1024 0 64 64 64
rectangle 896 1024 0 64 64 64
rectangle 1024 1024 0 64 64 64
rectangle 1088 1024 0 64 64 64
rectangle 1152 1024 0 64 64 64
rectangle 1216 1024 0 64 64 64
rectangle 1280 1024 0 64 64 64
rectangle 1408 1024 0 64 64 64
rectangle 1536 1024 0 64 64 64
rectangle 1664 1024 0 64 64 64
rectangle 1728 1024 0 64 64 64
rectangle 1792 1024 0 64 64 64
rectangle 1856 1024 0 64 64 64
rectangle 1920 1024 0 64 64 64
rectangle 0 1088 0 64 64 64
rectangle 128 1088 0 64 64 64
rectangle 256 1088 0 64 64 64
rectangle 768 1088 0 64 64 64
rectangle 896 1088 0 64 64 64
rectangle 1024 1088 0 64 64 64
rectangle 1408 1088 0 64 64 64
rectangle 1536 1088 0 64 64 64
rectangle 1920 1088 0 64 64 64
rectangle 0 1152 0 64 64 64
rectangle 128 1152 0 64 64 64
rectangle 192 1152 0 64 64 64
rectangle 256 1152 0 64 64 64
rectangle 320 1152 0 64 64 64
rectangle 384 1152 0 64 64 64
rectangle 448 1152 0 64 64 64
rectangle 512 1152 0 64 64 64
rectangle 640 1152 0 64 64 64
rectangle 704 1152 0 64 64 64
rectangle 768 1152 0 64 64 64
rectangle 896 1152 0 64 64 64
rectangle 1024 1152 0 64 64 64
rectangle 1088 1152 0 64 64 64
rectangle 1152 1152 0 64 64 64
rectangle 1216 1152 0 64 64 64
rectangle 1280 1152 0 64 64 64
rectangle 1344 1152 0 64 64 64
rectangle 1408 1152 0 64 64 64
rectangle 1536 1152 0 64 64 64
rectangle 1664 1152 0 64 64 64
rectangle 1728 1152 0 64 64 64
rectangle 1792 1152 0 64 64 64
rectangle 1920 1152 0 64 64 64
rectangle 0 1216 0 64 64 64
rectangle 128 1216 0 64 64 64
rectangle 256 1216 0 64 64 64
rectangle 384 1216 0 64 64 64
rectangle 512 1216 0 64 64 64
rectangle 640 1216 0 64 64 64
rectangle 1024 1216 0 64 64 64
rectangle 1536 1216 0 64 64 64
rectangle 1792 1216 0 64 64 64
rectangle 1920 1216 0 64 64 64
rectangle 0 1280 0 64 64 64
rectangle 128 1280 0 64 64 64
rectangle 256 1280 0 64 64 64
rectangle 384 1280 0 64 64 64
rectangle 512 1280 0 64 64 64
rectangle 640 1280 0 64 64 64
rectangle 704 1280 0 64 64 64
rectangle 768 1280 0 64 64 64
rectangle 896 1280 0 64 64 64
rectangle 960 1280 0 64 64 64
rectangle 1024 1280 0 64 64 64
rectangle 1088 1280 0 64 64 64
rectangle 1152 1280 0 64 64 64
rectangle 1280 1280 0 64 64 64
rectangle 1408 1280 0 64 64 64
rectangle 1536 1280 0 64 64 64
rectangle 1600 1280 0 64 64 64
rectangle 1664 1280 0 64 64 64
rectangle 1792 1280 0 64 64 64
rectangle 1856 1280 0 64 64 64
rectangle 1920 1280 0 64 64 64
rectangle 0 1344 0 64 64 64
rectangle 128 1344 0 64 64 64
rectangle 768 1344 0 64 64 64
rectangle 1152 1344 0 64 64 64
rectangle 1280 1344 0 64 64 64
rectangle 1408 1344 0 64 64 64
rectangle 1536 1344 0 64 64 64
rectangle 1664 1344 0 64 64 64
rectangle 1920 1344 0 64 64 64
rectangle 0 1408 0 64 64 64
rectangle 128 1408 0 64 64 64
rectangle 192 1408 0 64 64 64
rectangle 256 1408 0 64 64 64
rectangle 320 1408 0 64 64 64
rectangle 384 1408 0 64 64 64
rectangle 512 1408 0 64 64 64
rectangle 576 1408 0 64 64 64
rectangle 640 1408 0 64 64 64
rectangle 704 1408 0 64 64 64
rectangle 768 1408 0 64 64 64
rectangle 832 1408 0 64 64 64
rectangle 896 1408 0 64 64 64
rectangle 960 1408 0 64 64 64
rectangle 1024 1408 0 64 64 64
rectangle 1152 1408 0 64 64 64
rectangle 1216 1408 0 64 64 64
rectangle 1280 1408 0 64 64 64
rectangle 1408 1408 0 64 64 64
rectangle 1536 1408 0 64 64 64
rectangle 1664 1408 0 64 64 64
rectangle 1792 1408 0 64 64 64
rectangle 1856 1408 0 64 64 64
rectangle 1920 1408 0 64 64 64
rectangle 0 1472 0 64 64 64
rectangle 128 1472 0 64 64 64
rectangle 640 1472 0 64 64 64
rectangle 896 1472 0 64 64 64
rectangle 1152 1472 0 64 64 64
rectangle 1408 1472 0 64 64 64
rectangle 1536 1472 0 64 64 64
rectangle 1920 1472 0 64 64 64
rectangle 0 1536 0 64 64 64
rectangle 128 1536 0 64 64 64
rectangle 192 1536 0 64 64 64
rectangle 256 1536 0 64 64 64
rectangle 384 1536 0 64 64 64
rectangle 448 1536 0 64 64 64
rectangle 512 1536 0 64 64 64
rectangle 640 1536 0 64 64 64
rectangle 768 1536 0 64 64 64
rectangle 832 1536 0 64 64 64
rectangle 896 1536 0 64 64 64
rectangle 1024 1536 0 64 64 64
rectangle 1152 1536 0 64 64 64
rectangle 1216 1536 0 64 64 64
rectangle 1280 1536 0 64 64 64
rectangle 1344 1536 0 64 64 64
rectangle 1408 1536 0 64 64 64
rectangle 1536 1536 0 64 64 64
rectangle 1600 1536 0 64 64 64
rectangle 1664 1536 0 64 64 64
rectangle 1728 1536 0 64 64 64
rectangle 1792 1536 0 64 64 64
rectangle 1920 1536 0 64 64 64
rectangle 0 1600 0 64 64 64
rectangle 256 1600 0 64 64 64
rectangle 512 1600 0 64 64 64
rectangle 640 1600 0 64 64 64
rectangle 896 1600 0 64 64 64
rectangle 1024 1600 0 64 64 64
rectangle 1280 1600 0 64 64 64
rectangle 1536 1600 0 64 64 64
rectangle 1920 1600 0 64 64 64
rectangle 0 1664 0 64 64 64
rectangle 128 1664 0 64 64 64
rectangle 192 1664 0 64 64 64
rectangle 256 1664 0 64 64 64
rectangle 320 1664 0 64 64 64
rectangle 384 1664 0 64 64 64
rectangle 448 1664 0 64 64 64
rectangle 512 1664 0 64 64 64
rectangle 576 1664 0 64 64 64
rectangle 640 1664 0 64 64 64
rectangle 768 1664 0 64 64 64
rectangle 832 1664 0 64 64 64
rectangle 896 1664 0 64 64 64
rectangle 1024 1664 0 64 64 64
rectangle 1088 1664 0 64 64 64
rectangle 1152 1664 0 64 64 64
rectangle 1216 1664 0 64 64 64
rectangle 1280 1664 0 64 64 64
rectangle 1408 1664 0 64 64 64
rectangle 1536 1664 0 64 64 64
rectangle 1600 1664 0 64 64 64
rectangle 1664 1664 0 64 64 64
rectangle 1792 1664 0 64 64 64
rectangle 1856 1664 0 64 64 64
rectangle 1920 1664 0 64 64 64
rectangle 0 1728 0 64 64 64
rectangle 512 1728 0 64 64 64
rectangle 768 1728 0 64 64 64
rectangle 1024 1728 0 64 64 64
rectangle 1152 1728 0 64 64 64
rectangle 1408 1728 0 64 64 64
rectangle 1536 1728 0 64 64 64
rectangle 1664 1728 0 64 64 64
rectangle 1920 1728 0 64 64 64
rectangle 0 1792 0 64 64 64
rectangle 128 1792 0 64 64 64
rectangle 192 1792 0 64 64 64
rectangle 256 1792 0 64 64 64
rectangle 384 1792 0 64 64 64
rectangle 448 1792 0 64 64 64
rectangle 512 1792 0 64 64 64
rectangle 640 1792 0 64 64 64
rectangle 704 1792 0 64 64 64
rectangle 768 1792 0 64 64 64
rectangle 896 1792 0 64 64 64
rectangle 960 1792 0 64 64 64
rectangle 1024 1792 0 64 64 64
rectangle 1152 1792 0 64 64 64
rectangle 1280 1792 0 64 64 64
rectangle 1344 1792 0 64 64 64
rectangle 1408 1792 0 64 64 64
rectangle 1536 1792 0 64 64 64
rectangle 1664 1792 0 64 64 64
rectangle 1792 1792 0 64 64 64
rectangle 1856 1792 0 64 64 64
rectangle 1920 1792 0 64 64 64
rectangle 0 1856 0 64 64 64
rectangle 256 1856 0 64 64 64
rectangle 512 1856 0 64 64 64
rectangle 1280 1856 0 64 64 64
rectangle 1664 1856 0 64 64 64
rectangle 1920 1856 0 64 64 64
rectangle 0 1920 0 64 64 64
rectangle 64 1920 0 64 64 64
rectangle 128 1920 0 64 64 64
rectangle 192 1920 0 64 64 64
rectangle 256 1920 0 64 64 64
rectangle 320 1920 0 64 64 64
rectangle 384 1920 0 64 64 64
rectangle 448 1920 0 64 64 64
rectangle 512 1920 0 64 64 64
rectangle 576 1920 0 64 64 64
rectangle 640 1920 0 64 64 64
rectangle 704 1920 0 64 64 64
rectangle 768 1920 0 64 64 64
rectangle 832 1920 0 64 64 64
rectangle 896 1920 0 64 64 64
rectangle 960 1920 0 64 64 64
rectangle 1024 1920 0 64 64 64
rectangle 1088 1920 0 64 64 64
rectangle 1152 1920 0 64 64 64
rectangle 1216 1920 0 64 64 64
rectangle 1280 1920 0 64 64 64
rectangle 1344 1920 0 64 64 64
rectangle 1408 1920 0 64 64 64
rectangle 1472 1920 0 64 64 64
rectangle 1536 1920 0 64 64 64
rectangle 1600 1920 0 64 64 64
rectangle 1664 1920 0 64 64 64
rectangle 1728 1920 0 64 64 64
rectangle 1792 1920 0 64 64 64
